# solution IDs are scoped to this hipBLASLt version and device architecture
STRATA_HIPBLASLT_TUNING_V1 gfx1100 100202
f16 8192 4096 8192 1024 1147
f16 8192 4096 8192 512 1147
f16 8192 4096 8192 256 1147
f16 8192 4096 8192 128 1147
f16 8192 4096 8192 64 1146
f16 8192 4096 12288 1024 1147
f16 8192 4096 12288 512 1147
f16 8192 4096 12288 256 1147
f16 8192 4096 12288 128 1147
f16 8192 4096 12288 64 1147
f16 512 4096 512 1024 1147
f16 512 4096 512 512 1147
f16 512 4096 512 256 1145
f16 512 4096 512 128 1145
f16 512 4096 512 64 1145
f16 4096 8192 4096 1024 1147
f16 4096 8192 4096 512 1147
f16 4096 8192 4096 256 1147
f16 4096 8192 4096 128 1146
f16 4096 8192 4096 64 1146
f16 4096 4096 12288 1024 1147
f16 4096 4096 12288 512 1147
f16 4096 4096 12288 256 1147
f16 4096 4096 12288 128 1146
f16 4096 4096 12288 64 1146
f16 4096 2048 4096 1024 1147
f16 4096 2048 4096 512 1147
f16 4096 2048 4096 256 1147
f16 4096 2048 4096 128 1147
f16 4096 2048 4096 64 1146
f16 2730 12288 4096 1024 1147
f16 2730 12288 4096 512 1147
f16 2730 12288 4096 256 1147
f16 2730 12288 4096 128 1146
f16 2730 12288 4096 64 1145
f16 2048 4096 2048 1024 1147
f16 2048 4096 2048 512 1147
f16 2048 4096 2048 256 1147
f16 2048 4096 2048 128 1146
f16 2048 4096 2048 64 1145
f16 2048 16384 4096 1024 1147
f16 2048 16384 4096 512 1147
f16 2048 16384 4096 256 1147
f16 2048 16384 4096 128 1146
f16 2048 16384 4096 64 1145
f16 16384 1536 16384 1024 1147
f16 16384 1536 16384 512 1147
f16 16384 1536 16384 256 1147
f16 16384 1536 16384 128 1147
f16 16384 1536 16384 64 1147
f16 1536 4096 1536 1024 1147
f16 1536 4096 1536 512 1147
f16 1536 4096 1536 256 1147
f16 1536 4096 1536 128 1146
f16 1536 4096 1536 64 1146
f16 1366 12288 4096 1024 1147
f16 1366 12288 4096 512 1147
f16 1366 12288 4096 256 1146
f16 1366 12288 4096 128 1146
f16 1366 12288 4096 64 1146
