# solution IDs are scoped to this hipBLASLt version and device architecture
STRATA_HIPBLASLT_TUNING_V1 gfx1201 100202
# rows kept only where hipBLASLt beat hipblasGemmEx by >= 2% (RDNA4's hipBLAS is already fast)
f16 8192 4096 8192 1024 88029
f16 2730 12288 4096 1024 88759
f16 2048 16384 4096 1024 88758
f16 16384 1536 16384 1024 88255
f16 8192 4096 8192 512 88029
f16 8192 4096 12288 512 88281
f16 512 4096 512 512 88674
f16 4096 8192 4096 512 88323
f16 4096 4096 12288 512 88031
f16 4096 2048 4096 512 88031
f16 2730 12288 4096 512 88300
f16 2048 16384 4096 512 88759
f16 16384 1536 16384 512 88281
f16 1536 4096 1536 512 88031
f16 1366 12288 4096 512 88043
f16 8192 4096 8192 256 88031
f16 8192 4096 12288 256 88031
f16 512 4096 512 256 88218
f16 4096 8192 4096 256 88308
f16 4096 4096 12288 256 88317
f16 4096 2048 4096 256 88206
f16 2730 12288 4096 256 88759
f16 2048 16384 4096 256 88757
f16 8192 4096 8192 128 88031
f16 8192 4096 12288 128 88031
f16 4096 4096 12288 128 88155
f16 4096 2048 4096 128 88147
f16 2730 12288 4096 128 88758
f16 2048 4096 2048 128 88204
f16 2048 16384 4096 128 88547
f16 16384 1536 16384 128 88216
f16 1536 4096 1536 128 88163
f16 8192 4096 8192 64 88307
f16 8192 4096 12288 64 88307
f16 4096 4096 12288 64 88307
f16 4096 2048 4096 64 88147
f16 2730 12288 4096 64 88754
f16 2048 4096 2048 64 88763
f16 2048 16384 4096 64 88754
f16 16384 1536 16384 64 88255
