# solution IDs are scoped to this hipBLASLt version and device architecture
STRATA_HIPBLASLT_TUNING_V1 gfx1151 100202
f16 8192 4096 8192 256 7525
f16 8192 4096 12288 256 7525
f16 512 4096 512 256 7527
f16 4096 8192 4096 256 7525
f16 4096 4096 12288 256 7526
f16 4096 2048 4096 256 7527
f16 2730 12288 4096 256 7525
f16 2048 4096 2048 256 7527
f16 16384 1536 16384 256 7527
f16 1536 4096 1536 256 7527
f16 1366 12288 4096 256 7527
f16 8192 4096 8192 128 7525
f16 8192 4096 12288 128 7525
f16 512 4096 512 128 7525
f16 4096 8192 4096 128 7525
f16 4096 4096 12288 128 7525
f16 4096 2048 4096 128 7527
f16 2730 12288 4096 128 7525
f16 2048 4096 2048 128 7527
f16 16384 1536 16384 128 7526
f16 1536 4096 1536 128 7526
f16 1366 12288 4096 128 7527
f16 8192 4096 8192 64 7525
f16 8192 4096 12288 64 7525
f16 512 4096 512 64 7525
f16 4096 8192 4096 64 7527
f16 4096 4096 12288 64 7527
f16 4096 2048 4096 64 7527
f16 2730 12288 4096 64 7527
f16 2048 4096 2048 64 7526
f16 16384 1536 16384 64 7525
f16 1536 4096 1536 64 7526
f16 1366 12288 4096 64 7525
# N=2048 K=16384: max_abs tolerance 0.02, as max_abs_tolerance(K) now gives (rel L2 ~5e-5)
f16 2048 16384 4096 256 7526
f16 2048 16384 4096 128 7527
f16 2048 16384 4096 64 7536
# T=1024/512 buckets (STRATA_GLM_PREFILL_SUB=1024)
f16 8192 4096 8192 1024 7527
f16 8192 4096 12288 1024 7527
f16 512 4096 512 1024 7527
f16 4096 8192 4096 1024 7527
f16 4096 4096 12288 1024 7527
f16 4096 2048 4096 1024 7527
f16 2730 12288 4096 1024 7527
f16 2048 4096 2048 1024 7527
f16 2048 16384 4096 1024 7527
f16 16384 1536 16384 1024 7527
f16 1536 4096 1536 1024 7527
f16 1366 12288 4096 1024 7527
f16 8192 4096 8192 512 7527
f16 8192 4096 12288 512 7527
f16 512 4096 512 512 7527
f16 4096 8192 4096 512 7527
f16 4096 4096 12288 512 7527
f16 4096 2048 4096 512 7527
f16 2730 12288 4096 512 7527
f16 2048 4096 2048 512 7527
f16 2048 16384 4096 512 7527
f16 16384 1536 16384 512 7527
f16 1536 4096 1536 512 7526
f16 1366 12288 4096 512 7527
# T=2048 bucket (STRATA_GLM_PREFILL_SUB=2048)
f16 8192 4096 8192 2048 7527
f16 8192 4096 12288 2048 7527
f16 512 4096 512 2048 7527
f16 4096 8192 4096 2048 7527
f16 4096 4096 12288 2048 7527
f16 4096 2048 4096 2048 7527
f16 2730 12288 4096 2048 7527
f16 2048 4096 2048 2048 7527
f16 2048 16384 4096 2048 7527
f16 16384 1536 16384 2048 7527
f16 1536 4096 1536 2048 7527
f16 1366 12288 4096 2048 7527
